K1=  000110 110000 001011 101111 111111 000111 000001 110010
K2=  011110 011010 111011 011001 110110 111100 100111 100101
K3=  101110 010101 100010 111100 011001 011110 101001 101110
K4=  010101 011111 110010 001010 010000 101100 111110 011001
K5=  100101 000010 101111 101100 101101 001011 110011 011010
K6=  011100 101010 110111 010110 110110 110011 010100 011101
K7=  100100 100111 111000 110101 101011 011001 011001 110111
K8=  011111 001110 110000 000111 111010 110101 001110 101000
K9=  110011 010011 111101 100100 000111 111110 111011 100010
K10=  011000 111010 010100 111110 010100 000111 101100 101111
K11=  110000 101111 011011 101101 001111 001100 110101 010101
K12=  111011 001000 010010 110111 111101 100001 100010 111100
K13=  110110 011101 011101 100010 100010 111110 010011 010110
K14=  111101 111000 101000 111010 110000 010011 101111 111011
K15=  111000 001101 101111 101011 111011 011110 011110 000001
K16=  101011 101011 001010 110010 001101 111011 101000 111001
